1.0104235114999999E-4	0.0000000000000000E+0
1.1974398040000000E-4	5.0000000000000000E+0
1.6447161550000000E-4	1.0000000000000000E+1
1.9662009225000004E-4	1.5000000000000000E+1
2.2926456264999996E-4	2.0000000000000000E+1
2.5047438500000008E-4	2.5000000000000000E+1
2.4946347100000002E-4	3.0000000000000000E+1
2.4813792000000006E-4	3.5000000000000000E+1
2.4068963299999995E-4	4.0000000000000000E+1
2.2508746650000001E-4	4.5000000000000000E+1
2.0340075949999998E-4	5.0000000000000000E+1
1.6386122899999999E-4	5.5000000000000000E+1
1.3323858800000000E-4	6.0000000000000000E+1
1.0803283450000000E-4	6.5000000000000000E+1
7.7887007400000000E-5	7.0000000000000000E+1
5.3568192800000004E-5	7.5000000000000000E+1
3.8671715850000001E-5	8.0000000000000000E+1
3.1347451900000001E-5	8.5000000000000000E+1
2.6130827450000000E-5	9.0000000000000000E+1
2.6760252600000000E-5	9.5000000000000000E+1
3.8328380650000001E-5	1.0000000000000000E+2
6.0148582099999998E-5	1.0500000000000000E+2
8.3942861099999997E-5	1.1000000000000000E+2
1.1087479074999999E-4	1.1500000000000000E+2
1.4257512600000002E-4	1.2000000000000000E+2
1.7044161249999998E-4	1.2500000000000000E+2
2.0842666290000000E-4	1.3000000000000000E+2
2.2183545879999998E-4	1.3500000000000000E+2
2.4698395900000001E-4	1.4000000000000000E+2
2.3534902950000006E-4	1.4500000000000000E+2
2.2279860599999993E-4	1.5000000000000000E+2
2.0596620050000001E-4	1.5500000000000000E+2
1.8591982850000002E-4	1.6000000000000000E+2
1.5993210000000001E-4	1.6500000000000000E+2
1.3181757690000000E-4	1.7000000000000000E+2
1.0478075050000001E-4	1.7500000000000000E+2
1.0795652350000000E-4	1.8000000000000000E+2
1.3414456900000000E-4	1.8500000000000000E+2
1.6804787699999996E-4	1.9000000000000000E+2
1.9975771699999999E-4	1.9500000000000000E+2
2.2534494040000005E-4	2.0000000000000000E+2
2.5979186850000005E-4	2.0500000000000000E+2
2.5468968249999998E-4	2.1000000000000000E+2
2.6184228349999998E-4	2.1500000000000000E+2
2.6274826250000002E-4	2.2000000000000000E+2
2.2837768900000000E-4	2.2500000000000000E+2
2.1426314849999999E-4	2.3000000000000000E+2
1.8144708274999997E-4	2.3500000000000000E+2
1.4247974090000000E-4	2.4000000000000000E+2
1.0253961285000000E-4	2.4500000000000000E+2
7.9365216050000003E-5	2.5000000000000000E+2
5.7792989199999994E-5	2.5500000000000000E+2
4.0741198250000002E-5	2.6000000000000000E+2
2.7942809649999996E-5	2.6500000000000000E+2
2.8295684849999999E-5	2.7000000000000000E+2
2.9649906100000000E-5	2.7500000000000000E+2
3.9472796199999998E-5	2.8000000000000000E+2
5.8622683449999993E-5	2.8500000000000000E+2
8.7967410799999994E-5	2.9000000000000000E+2
1.1378348400000002E-4	2.9500000000000000E+2
1.4559824689999999E-4	3.0000000000000000E+2
1.7404645749999998E-4	3.0500000000000000E+2
1.9019229950000002E-4	3.1000000000000000E+2
2.1479726800000001E-4	3.1500000000000000E+2
2.1865011150000002E-4	3.2000000000000000E+2
2.4473323649999994E-4	3.2500000000000000E+2
2.1619918200000001E-4	3.3000000000000000E+2
2.1777268899999996E-4	3.3500000000000000E+2
1.8244843780000001E-4	3.4000000000000000E+2
1.4196469950000001E-4	3.4500000000000000E+2
1.2093605870000002E-4	3.5000000000000000E+2
9.9068222999999998E-5	3.5500000000000000E+2
1.0204368695000000E-4	3.6000000000000000E+2
